joint_lift
27.586267972975826
27.586267972975826
27.438635526274087
27.438635526274087
27.438635526274087
21.498858916321556
21.498858916321556
21.498858916321556
21.498858916321556
27.154274425287355
27.154274425287355
27.154274425287355
27.154274425287355
31.678440385448365
31.678440385448365
31.678440385448365
31.678440385448365
34.63202142274834
34.63202142274834
34.63202142274834
34.63202142274834
34.63202142274834
34.63202142274834
40.002715699920415
40.002715699920415
40.002715699920415
43.04230444759621
43.04230444759621
43.04230444759621
43.04230444759621
44.519978648562514
44.519978648562514
44.519978648562514
44.833516397534225
44.833516397534225
44.833516397534225
44.833516397534225
45.77192951758649
45.77192951758649
45.77192951758649
45.77192951758649
46.194045191711744
46.194045191711744
46.194045191711744
46.194045191711744
46.10538643438697
46.10538643438697
46.10538643438697
46.74578979849842
46.74578979849842
46.74578979849842
46.74578979849842
46.39667173105773
46.39667173105773
46.39667173105773
46.39667173105773
46.1394172824931
46.1394172824931
46.1394172824931
46.18912138647664
46.18912138647664
46.18912138647664
46.18912138647664
46.25266782920962
46.25266782920962
46.25266782920962
46.25266782920962
46.21729329977321
46.21729329977321
46.21729329977321
46.21729329977321
46.55442415606688
46.55442415606688
46.55442415606688
46.82174410937148
46.82174410937148
46.82174410937148
46.82174410937148
46.6913192573635
46.6913192573635
46.6913192573635
46.64735303581741
46.64735303581741
46.64735303581741
46.64735303581741
46.3834558383339
46.3834558383339
46.3834558383339
46.3834558383339
46.569486097465216
46.569486097465216
46.569486097465216
46.569486097465216
46.26278478120774
46.26278478120774
46.26278478120774
46.063729286838665
46.063729286838665
46.063729286838665
46.063729286838665
45.97008317178344
45.97008317178344
45.97008317178344
45.953223602659456
45.953223602659456
45.953223602659456
45.953223602659456
45.994227067398434
45.994227067398434
45.994227067398434
45.994227067398434
45.94796690340109
45.94796690340109
45.94796690340109
45.94796690340109
45.94796690340109
45.94796690340109
45.77332464617492
45.77332464617492
45.77332464617492
45.77332464617492
45.74423273485041
45.74423273485041
45.74423273485041
45.74423273485041
45.88516795906581
45.88516795906581
45.88516795906581
45.875054033377005
45.875054033377005
45.875054033377005
45.875054033377005
46.26454004060316
46.26454004060316
46.26454004060316
46.26454004060316
46.56823017910469
46.56823017910469
46.56823017910469
46.796108243270375
46.796108243270375
46.796108243270375
46.796108243270375
46.944742398351224
46.944742398351224
46.944742398351224
46.944742398351224
46.74443401193093
46.74443401193093
46.74443401193093
46.74443401193093
46.36222627857716
46.36222627857716
46.36222627857716
45.99273509691233
45.99273509691233
45.99273509691233
45.99273509691233
46.046255376926275
46.046255376926275
46.046255376926275
46.046255376926275
45.6703090775193
45.6703090775193
45.6703090775193
45.610905652221376
45.610905652221376
45.610905652221376
45.610905652221376
45.79578894012706
45.79578894012706
45.79578894012706
45.79578894012706
46.2107443664427
46.2107443664427
46.2107443664427
46.459909490241856
46.459909490241856
46.459909490241856
46.459909490241856
46.45525200022538
46.45525200022538
46.45525200022538
46.45525200022538
46.47346432960756
46.47346432960756
46.47346432960756
46.47346432960756
46.83956301854435
46.83956301854435
46.83956301854435
46.89666342246309
46.89666342246309
46.89666342246309
46.89666342246309
46.3819789993943
46.3819789993943
46.3819789993943
46.3819789993943
46.545756806224645
46.545756806224645
46.545756806224645
46.80121060075432
46.80121060075432
46.80121060075432
46.80121060075432
46.646762905503444
46.646762905503444
46.646762905503444
46.646762905503444
46.692054650524
46.692054650524
46.692054650524
46.69617043117535
46.69617043117535
46.69617043117535
46.69617043117535
46.51531818726055
46.51531818726055
46.51531818726055
46.51531818726055
46.46608921383748
46.46608921383748
46.46608921383748
46.46608921383748
46.160586316063785
46.160586316063785
46.160586316063785
45.652626352265045
45.652626352265045
45.652626352265045
45.652626352265045
45.33396506164427
45.33396506164427
45.33396506164427
45.33396506164427
