joint_lift
30.90921974182129
30.90921974182129
30.90921974182129
35.687774658203125
46.455074310302734
53.12174606323242
74.74340057373047
74.74340057373047
78.7086181640625
81.2074203491211
83.81580352783203
84.66924285888672
86.44051361083984
86.29670715332031
84.92870330810547
85.26908111572266
83.41191101074219
83.6566162109375
82.04027557373047
82.04027557373047
81.03909301757812
81.51132202148438
81.67819213867188
82.48448944091797
82.48580169677734
83.62725067138672
84.09523010253906
84.09523010253906
85.30419158935547
84.31338500976562
85.0532455444336
84.40817260742188
82.8752212524414
82.47306823730469
83.45247650146484
83.28417205810547
84.3813247680664
84.37670135498047
85.32344818115234
84.87259674072266
86.09488677978516
85.2378921508789
85.44424438476562
85.44424438476562
84.78129577636719
84.24555206298828
84.24555206298828
83.79412078857422
84.11444091796875
83.61358642578125
83.63019561767578
83.30967712402344
83.30967712402344
